55.738986 37.434614
55.772815 37.647348
55.774012 37.579402
55.684581 37.631596
55.584799 37.636666
55.803577 37.544316
55.736683 37.663623
55.742151 37.572989
55.61464 37.51381
55.779967 37.443536
55.71387 37.532737
55.576684 37.567099
55.789028 37.766526
55.77408 37.54278
55.753039 37.798398
55.666202 37.597354
55.732468 37.830014
55.801226 37.69895
55.890126 37.625089
55.850023 37.434069
55.849336 37.427836
55.8724 37.677282
55.90514 37.538842
55.904344 37.53912
55.72691 37.65499
55.542122 37.583905
55.546771 37.585434
55.789045 37.767384
55.61076 37.66392
55.708032 37.851065
55.708158 37.851972
55.869604 37.624479
55.744229 37.81591
55.744238 37.815282
55.813701 37.721195
55.862529 37.561577
55.842345 37.370326
55.858278 37.596777
55.702763 37.626527
55.561911 37.585534
55.914061 37.393603
55.657291 37.526659
55.657135 37.825241
55.615474 37.513043
55.653599 37.567781
55.753519 37.803502
55.838517 37.387354
55.888973 37.392006
55.592943 37.672684
55.715689 37.402035
55.760387 37.600312
55.65049 37.55637
55.88748 37.664873
55.75722 37.432619
55.802741 37.805498
55.888047 37.64913
55.786868 37.738861
55.89133 37.621423
55.898396 37.594051
55.742534 37.584508
55.679255 37.501387
55.733896 37.446064
55.85613 37.450576
55.87564 37.636851
55.837227 37.344383
55.840461 37.636372
55.8839 37.50351
55.55497 37.587192
55.760944 37.800732
55.894968 37.613932
55.707561 37.570475
55.686945 37.524097
55.604708 37.632175
55.666222 37.650217
55.798865 37.732482
55.724471 37.453696
55.705914 37.557011
55.764135 37.430231
55.896726 37.610183
55.859913 37.555047
55.648032 37.656823
55.868996 37.515974
55.775523 37.473987
55.76408 37.832363
55.632743 37.659724
55.863009 37.469117
55.657879 37.480723
55.73632 37.82757
55.669663 37.776053
55.749596 37.762734
55.698633 37.564223
55.75432 37.67229
55.855672 37.58438
55.598629 37.506947
55.87174 37.585541
55.585762 37.657296
55.77574 37.70081
55.68344 37.636831
55.857656 37.567474
55.810219 37.803292
55.810219 37.803292
55.810219 37.803292
55.617449 37.502587
55.727237 37.466147
55.723112 37.694501
55.723049 37.69461
55.790179 37.770535
55.773824 37.684866
55.821335 37.626457
55.594555 37.6357
55.774856 37.538583
55.708273 37.746815
55.559374 37.589895
55.842603 37.562824
55.641752 37.605921
55.645647 37.619982
55.580529 37.597004
55.72716 37.467207
55.624298 37.758159
55.938887 37.545235
55.71224 37.409348
55.705475 37.660478
55.728821 37.829189
55.816341 37.681686
55.83106 37.45304
55.774262 37.649862
55.647637 37.562686
55.827361 37.529994
55.896265 37.388461
55.705069 37.654674
55.7487 37.545778
55.628058 37.472191
55.590004 37.534439
55.72636 37.684898
55.53563 37.499345
55.503703 37.573266
55.78612 37.69894
55.73588 37.702573
55.530133 37.580451
55.772978 37.591386
55.690546 37.821684
55.506768 37.538397
55.576504 37.689416
55.536953 37.503421
55.684399 37.687037
55.653065 37.620077
55.784566 37.568
55.788528 37.763098
55.87125 37.45795
55.60273 37.417779
55.592685 37.635367
55.805517 37.449566
55.771695 37.408148
55.611095 37.43522
55.823027 37.723116
55.764525 37.629957
55.898242 37.559212
55.70968 37.58432
55.612259 37.490631
55.55718 37.588292
55.5685 37.599572
55.786119 37.594468
55.621767 37.542474
55.730479 37.611878
55.757832 37.745492
55.804208 37.582881
55.594833 37.516408
55.709362 37.449248
55.707233 37.547264
55.775364 37.65716
55.702189 37.941305
55.706828 37.547108
55.719618 37.566742
55.735682 37.579508
55.87269 37.48296
55.86335 37.485696
55.75821 37.534265
55.970227 37.155799
55.486005 36.950548
55.602209 37.484198
55.596397 37.479893
55.736854 37.676128
55.725543 37.589882
55.716437 37.799321
55.609412 37.610015
55.611548 37.603427
55.61035 37.607593
55.582674 37.681323
55.644532 37.675203
55.667343 37.487306
55.634363 37.700616
55.733803 37.650097
55.674652 37.460486
55.744209 37.564254
55.773707 37.696745
55.821006 37.647065
55.643511 37.453573
55.887319 37.671691
55.609435 37.664612
55.621773 37.6149
55.861868 37.436353
55.644758 37.655972
55.870565 37.475208
55.771196 37.501771
55.887474 37.6451
55.80637 37.76807
55.724842 37.605173
55.839854 37.366937
55.644636 37.52154
55.744977 37.568207
55.745816 37.56523
55.746352 37.554171
55.778497 37.458295
55.733752 37.421099
55.745505 37.573853
55.83406 37.534
55.86748 37.484496
55.719384 37.783142
55.7055 37.842075
55.711962 37.586925
55.69694 37.844357
55.711447 37.817925
55.752478 37.58239
55.602587 37.404175
55.568607 37.399891
55.56097 37.419688
55.723537 37.859213
55.677398 37.562467
55.698503 37.733304
55.813128 37.833583
55.812656 37.828401
55.811954 37.819565
55.811672 37.817466
55.810855 37.815747
55.810889 37.812437
55.670246 37.55485
55.868377 37.509844
55.877961 37.449917
55.301595 37.139444
55.731393 37.840858
55.627869 37.540956
55.746296 37.534191
55.583692 37.708173
55.588243 37.719927
55.573941 37.633327
55.842167 37.383979
55.596881 37.510209
55.600387 37.604658
55.798005 37.684174
55.637138 37.620096
55.92102 37.392484
55.927965 37.382723
55.890951 37.494218
55.841166 37.588033
55.642121 37.680719
55.595163 37.514477
55.839907 37.386608
55.683731 37.479531
55.689315 37.754515
55.730997 37.640971
55.60441 37.49979
55.588887 37.598894
55.828284 37.579724
55.861806 37.584532
55.795099 37.703394
55.843292 37.382035
55.840106 37.636423
55.782951 37.741738
55.648931 37.662923
55.645705 37.671184
55.642899 37.678574
55.555026 37.439176
55.646091 37.656263
55.722684 37.446708
55.632186 37.65943
55.630472 37.66183
55.55453 37.438476
55.648155 37.65722
55.54911 37.428581
55.549525 37.430133
55.716675 37.572452
55.723495 37.552389
55.665963 37.76778
55.809033 37.386077
55.991661 37.182124
55.935092 37.372738
55.672784 37.4886
55.941129 37.364198
55.857581 37.352908
55.666646 37.622327
55.697992 37.684595
55.695371 37.681886
55.799606 37.550747
55.898174 37.587782
55.846898 37.555797
55.898311 37.604658
55.949779 37.352013
55.80614 37.457382
55.95501 37.344071
55.858195 37.421091
55.582921 37.637139
55.59605 37.479991
55.548828 37.424573
55.778446 37.744747
55.780153 37.744179
55.623483 37.510605
55.774289 37.480744
55.551479 37.547708
55.695125 37.53899
55.585962 37.55229
55.718623 37.704047
55.792555 37.616413
55.703218 37.518669
55.584276 37.559298
55.718054 37.595125
55.588091 37.543378
55.694217 37.626641
55.585113 37.555755
55.753743 37.517318
55.938859 37.54457
55.731967 37.507172
55.753901 37.518718
55.647387 37.743965
55.648721 37.74535
55.656704 37.740921
55.661801 37.741277
55.683119 37.737999
55.554631 37.437826
55.700287 37.76383
55.71937 37.900622
55.861085 37.348136
55.840468 37.489422
55.688162 37.678994
55.773945 37.710658
55.849623 37.367341
55.654115 37.793412
55.956274 37.341637
55.785744 37.635305
55.950124 37.350789
55.614646 37.49811
55.939911 37.365299
55.473072 36.931659
55.450268 36.895151
55.56655 37.559834
55.758878 37.694971
55.710888 37.559748
55.574261 37.564615
55.786804 37.634617
55.645414 37.543823
55.613118 37.661721
55.62028 37.656844
55.788111 37.635036
55.616347 37.661426
55.780047 37.633329
55.71068 37.55989
55.65318 37.653259
55.590124 37.475191
55.574631 37.457275
55.569546 37.451282
55.546547 37.416185
55.641141 37.611981
55.654911 37.538433
55.675465 37.857509
55.65275 37.65454
55.572227 37.673477
55.57232 37.658364
55.64972 37.532833
55.590013 37.635319
55.601663 37.637209
55.643794 37.748459
55.767194 37.622805
55.89811 37.55932
55.626313 37.656771
55.640442 37.632027
55.700099 37.503674
55.751911 37.552621
55.538924 37.397507
55.519074 37.374838
55.898161 37.398382
55.779679 37.764539
55.84785 37.56728
55.654735 37.650105
55.760288 37.737403
55.73481 37.442638
55.691553 37.470501
55.766108 37.790622
55.756232 37.530418
55.774654 37.743957
55.572094 37.673516
55.979635 37.189476
55.747062 37.654356
55.933467 37.374476
55.764933 37.686186
55.648797 37.370628
55.706212 37.841439
55.731967 37.606426
55.678165 37.854834
55.742059 37.427734
55.883339 37.603412
55.772307 37.590298
55.597329 37.536045
55.889034 37.634473
55.663461 37.612396
55.883583 37.641314
55.562949 37.594743
55.741765 37.847858
55.70109 37.863719
55.886237 37.643398
55.891451 37.529475
55.595272 37.534477
55.669427 37.775183
55.644649 37.452854
55.772263 37.589196
55.65819 37.400896
55.631779 37.324165
55.815353 37.683817
55.874861 37.434174
55.83862 37.5446
55.674933 37.460402
55.879767 37.721968
55.735825 37.644902
55.73683 37.8269
55.603392 37.542386
55.716411 37.684563
55.821386 37.613472
55.82161 37.627567
55.671646 37.45401
55.778329 37.720904
55.813702 37.60068
55.83526 37.63024
55.794868 37.491287
55.783738 37.601526
55.772386 37.634052
55.735555 37.566597
55.700456 37.546126
55.522442 37.219913
55.751852 37.552683
55.779278 37.370062
55.80875 37.839752
55.753283 37.841998
55.90262 37.519843
55.70839 37.40471
55.77772 37.36932
55.905931 37.530829
55.886302 37.478531
55.64966 37.833942
55.821451 37.606347
55.754864 37.402541
55.721193 37.437114
55.618875 37.657518
55.625263 37.656782
55.585143 37.597682
55.660809 37.511892
55.66939 37.49842
55.684216 37.479101
55.561887 37.59323
55.686358 37.737325
55.824741 37.492854
55.647303 37.573028
55.78674 37.69832
55.83912 37.481225
55.722585 37.839797
55.910709 37.573122
55.79609 37.716955
55.740455 37.431651
55.62174 37.50782
55.636339 37.656504
55.708422 37.405012
55.676339 37.561402
55.871431 37.458424
55.733786 37.416038
55.527337 37.579561
55.870886 37.748945
55.533464 37.581849
55.863384 37.763543
55.860131 37.769877
55.855069 37.779677
55.851332 37.787044
55.844703 37.799825
55.849028 37.791356
55.841342 37.806374
55.839444 37.81003
55.89779 37.55522
55.88922 37.6345
55.87493 37.43344
55.779582 37.448511
55.525693 37.579494
55.687419 37.475889
55.746212 37.534596
55.729572 37.480437
55.713951 37.883796
55.656338 37.609162
55.739113 37.566891
55.792325 37.639772
55.778621 37.55678
55.703773 37.541813
55.705617 37.623614
55.704682 37.634405
55.589943 37.731498
55.751487 37.574753
55.61193 37.720843
55.703196 37.540822
55.727681 37.538678
55.766365 37.652737
55.792554 37.624569
55.778388 37.557022
55.724306 37.605017
55.778088 37.621093
55.84046 37.47986
55.727944 37.53889
55.614253 37.498126
55.828575 37.553906
55.819517 37.669517
55.71474 37.845921
55.80364 37.70072
55.66527 37.74859
55.850011 37.434057
55.838274 37.571481
55.896448 37.587103
55.852161 37.564513
55.62419 37.75775
55.791355 37.530626
55.925182 37.386611
55.9266 37.38408
55.921032 37.391895
55.617453 37.483885
55.571375 37.598524
55.428299 37.274949
55.733089 37.840309
55.772221 37.420348
55.680016 37.832865
55.601808 37.604471
55.668961 37.836952
55.70738 37.909399
55.76842 37.741397
55.808809 37.68392
55.666083 37.650196
55.810611 37.61852
55.837003 37.579146
55.67923 37.559946
55.636446 37.695657
55.658458 37.641771
55.590348 37.726587
55.578223 37.568771
55.658943 37.640108
55.706877 37.755238
55.676846 37.529201
55.821435 37.613754
55.588541 37.599319
55.750332 37.564155
55.762606 37.773283
55.773347 37.486662
55.856456 37.561497
55.71542 37.591331
55.700205 37.70675
55.643486 37.495436
55.788451 37.51842
55.745694 37.562986
55.812341 37.478598
55.576804 37.566743
55.719897 37.421173
55.857393 37.469063
55.780285 37.576831
55.848409 37.670757
55.63335 37.333996
55.672987 37.446345
55.791553 37.589815
55.703372 37.64731
55.707171 37.667026
55.693134 37.666422
55.803295 37.708517
55.704761 37.635807
55.701298 37.612085
55.702788 37.398019
55.825919 37.364576
55.703729 37.396397
55.812126 37.478162
55.695526 37.558093
55.88845 37.713369
55.832973 37.821531
55.813518 37.688361
55.82164 37.836697
55.79641 37.840154
55.734172 37.597422
55.572588 37.658407
55.757845 37.369419
55.686734 37.665004
55.83356 37.654179
55.861757 37.694805
55.869353 37.710463
55.769102 37.805904
55.768948 37.806761
55.77452 37.83298
55.642211 37.359309
55.650933 37.758738
55.808641 37.697569
55.832151 37.395387
55.639499 37.748162
55.80902 37.696073
55.774073 37.438852
55.774481 37.439734
55.778923 37.452898
55.671189 37.492995
55.843422 37.501731
55.74959 37.814873
55.717339 37.502163
55.73508 37.643859
55.749672 37.814236
55.613246 37.261499
55.980437 37.257095
55.754684 37.657265
55.716774 37.677576
55.803493 37.61573
55.93432 37.373242
55.746546 37.671041
55.87513 37.45251
55.839669 37.481445
55.810421 37.504537
55.810996 37.504655
55.715956 37.664097
55.733601 37.502875
55.749342 37.562012
55.716873 37.404809
55.860491 37.398993
55.849285 37.392798
55.821681 37.615539
55.685771 37.665294
55.738607 37.676414
55.737589 37.685801
55.724695 37.688897
55.824591 37.58493
55.666701 37.655207
55.614582 37.540134
55.606407 37.498438
55.661013 37.422421
55.691895 37.533531
55.749313 37.698598
55.487652 37.396042
55.64882 37.64703
55.740751 37.816111
55.740764 37.816456
55.834461 37.572942
55.621257 37.480168
55.686526 37.602465
55.628499 37.313161
55.700993 37.629474
55.633438 37.337462
55.600261 37.244052
55.610984 37.258016
55.614097 37.373919
55.614789 37.499298
55.68181 37.470817
55.65803 37.40173
55.719306 37.571974
55.691818 37.42617
55.705905 37.762965
55.766946 37.697304
55.737088 37.693808
55.74524 37.573656
55.661161 37.424488
55.747551 37.700105
55.855533 37.653133
55.876407 37.451187
55.878815 37.448477
55.859386 37.467107
55.515143 37.57607
55.825874 37.42738
55.701085 37.86046
55.838099 37.542591
55.496448 37.570221
55.639751 37.371866
55.683416 37.431232
55.881562 37.586659
55.77719 37.819407
55.842946 37.381893
55.703132 37.629549
55.84742 37.663131
55.691044 37.426611
55.720496 37.496866
55.678878 37.466595
55.877082 37.71826
55.841438 37.552462
55.817204 37.742415
55.70275 37.629127
55.619088 37.712092
55.730549 37.641619
55.737527 37.61451
55.87794 37.66889
55.759124 37.611707
55.79264 37.495449
55.812516 37.798302
55.743006 37.419792
55.700706 37.503759
55.506777 37.573118
55.617958 37.507528
55.756921 37.463023
55.464851 36.919754
55.756295 37.461208
55.775321 37.657158
55.743545 37.832632
55.625612 37.296407
55.622979 37.286606
55.691022 37.621964
55.823236 37.644467
55.778863 37.579053
55.617429 37.266467
55.846637 37.374381
55.636265 37.542848
55.683613 37.43148
55.804093 37.707661
55.463097 37.299341
55.707549 37.752175
55.61046 37.387408
55.606803 37.405253
55.579084 37.570343
55.846751 37.475878
55.720751 37.699837
55.619182 37.776757
55.588085 37.636544
55.594052 37.727632
55.909941 37.565757
55.69847 37.529388
55.739751 37.41472
55.776764 37.757883
55.496471 37.569988
55.486943 37.32359
55.741914 37.417743
55.738601 37.660732
55.753657 37.457178
55.753017 37.456488
55.779381 37.720859
55.753761 37.457812
55.492768 37.568749
55.493083 37.569249
55.750063 37.449145
55.750234 37.448927
55.839361 37.341578
55.684267 37.831107
55.734458 37.406269
55.731422 37.775338
55.742693 37.754089
55.696235 37.611367
55.82375 37.572566
55.751982 37.510999
55.780474 37.479658
55.83455 37.655141
55.787475 37.385672
55.904439 37.586859
55.776884 37.463844
55.602061 37.649477
55.765581 37.74545
55.788893 37.744171
55.639249 37.367556
55.900433 37.543093
55.606958 37.397841
55.700725 37.635833
55.60591 37.742641
55.615395 37.378573
55.878771 37.448361
55.604079 37.247305
55.925223 37.546114
55.735989 37.562689
55.73579 37.56276
55.584995 37.393518
55.633559 37.54171
55.601068 37.245298
55.79016 37.4878
55.58224 37.387502
55.581789 37.387387
55.79011 37.48816
55.982469 37.245669
55.579003 37.381215
55.775983 37.842786
55.749245 37.436989
55.498124 37.523536
55.706986 37.578517
55.748052 37.427128
55.747962 37.427258
55.785543 37.841742
56.000968 37.210575
55.796784 37.583842
55.666474 37.595935
55.652235 37.479852
55.925163 37.546514
55.701879 37.476958
55.704024 37.483034
55.705909 37.492985
55.706256 37.491608
55.706254 37.487475
55.765854 37.605223
55.768944 37.691545
55.898573 37.588038
55.782597 37.701101
55.726938 37.614952
55.709546 37.49218
55.664401 37.540501
55.727691 37.61238
55.670249 37.448784
55.766794 37.60747
55.601643 37.646312
55.602717 37.638124
55.741425 37.655539
55.74195 37.655709
55.757974 37.597934
55.815018 37.685764
55.69758 37.803915
55.730463 37.624094
55.790001 37.548666
55.750431 37.600854
55.788864 37.546641
55.502588 37.604286
55.751769 37.624315
55.866435 37.597575
55.699509 37.732608
55.773452 37.589944
55.663728 37.526213
55.502598 37.571762
55.799104 37.503268
55.808021 37.506713
55.900727 37.544824
55.76225 37.78543
55.88809 37.58665
55.819963 37.750699
55.849718 37.36888
55.680214 37.59656
55.85423 37.672063
55.576701 37.569242
55.64069 37.533596
55.64555 37.57925
55.802933 37.522225
55.752492 37.610463
55.637567 37.522991
55.776972 37.506102
55.64006 37.620412
55.788804 37.634659
55.858665 37.419503
55.771716 37.639577
55.890088 37.58649
55.676535 37.664154
55.634906 37.520677
55.665982 37.7525
55.62821 37.65771
55.860075 37.617889
55.582302 37.443553
55.854761 37.475257
55.889708 37.587688
55.647401 37.562171
55.759472 37.7571
55.735509 37.704211
55.625925 37.710227
55.601972 37.484425
55.721727 37.559651
55.674115 37.589722
55.706312 37.487396
55.70189 37.475805
55.709603 37.49198
55.714952 37.495083
55.714954 37.494915
55.72063 37.496604
55.723385 37.50381
56.008963 37.201846
55.853809 37.516801
55.746972 37.683611
55.723501 37.503189
55.725491 37.509338
55.688684 37.545909
55.687482 37.544867
55.75907 37.716387
55.620812 37.507249
55.759903 37.524377
55.756525 37.527451
55.76587 37.538678
55.775147 37.553772
55.775112 37.553954
55.781995 37.57461
55.791846 37.552761
55.795889 37.543683
55.801209 37.531003
55.798327 37.538083
55.803847 37.517468
55.801936 37.525069
55.718599 37.596091
55.604201 37.720168
55.574256 37.689271
55.704114 37.597628
55.89638 37.400877
55.709922 37.584119
55.881891 37.446278
55.871024 37.411667
55.884442 37.471996
55.864411 37.402119
55.888071 37.48636
55.73477 37.593763
55.733224 37.593149
55.887529 37.484226
55.73669 37.594997
55.721257 37.663754
55.752508 37.590429
55.753056 37.598959
55.7611 37.576367
55.823883 37.393298
55.823905 37.393113
55.76569 37.36931
55.817318 37.49953
55.727701 37.662511
55.631157 37.321226
55.627794 37.311252
55.625303 37.296242
55.734914 37.657249
55.623083 37.288165
55.73118 37.660033
55.622802 37.275936
55.622092 37.273114
55.734752 37.656975
55.731512 37.668863
55.730271 37.659763
55.731332 37.662818
55.61464 37.264332
55.604675 37.247772
55.596956 37.241336
55.889976 37.674176
55.597041 37.242029
55.592176 37.231134
55.593562 37.236167
55.589559 37.22188
55.589416 37.222576
55.587506 37.214451
55.58771 37.214799
55.583342 37.209582
55.690034 37.622216
55.670036 37.494555
55.891206 37.674297
55.583633 37.209898
55.57769 37.206955
55.579546 37.207243
55.615027 37.778172
55.742057 37.37138
55.725638 37.379744
55.725566 37.509248
55.729954 37.519317
55.72914 37.516682
55.731774 37.525109
55.674168 37.47938
55.732339 37.526576
55.734212 37.53375
55.734308 37.533686
55.71249 37.38654
55.713029 37.386218
55.575035 37.612243
55.5823 37.705176
55.62329 37.793059
55.708068 37.835557
55.702958 37.602659
55.702867 37.602584
55.705789 37.592386
55.705691 37.592297
55.902706 37.614639
55.608075 37.619795
55.602892 37.726165
55.707433 37.88856
55.7074 37.885992
55.724839 37.800385
55.855126 37.342451
55.902436 37.615742
55.899653 37.628796
55.899761 37.628199
55.899072 37.586755
55.622971 37.76057
55.742747 37.788535
55.681009 37.750264
55.700921 37.546117
55.991292 37.186245
55.660602 37.416756
55.786636 37.566933
55.777676 37.733352
55.64144 37.606811
55.597362 37.67166
55.764598 37.404976
55.73299 37.668537
55.89876 37.574734
55.786929 37.741695
55.733787 37.404599
55.890689 37.622751
55.727109 37.609368
55.663381 37.578631
55.889257 37.586943
55.605452 37.335195
55.618883 37.778548
55.604547 37.734503
55.708078 37.668258
55.613232 37.731266
55.603438 37.735243
55.751055 37.609721
55.750854 37.696757
55.711354 37.841584
55.708268 37.85239
55.584513 37.678995
55.777094 37.8441
55.708683 37.668159
55.694125 37.534343
55.604921 37.292368
55.779625 37.702685
55.472862 37.310805
55.745254 37.81422
55.738518 37.634085
55.89427 37.67304
55.58326 37.470399
55.797399 37.72181
55.73656 37.683621
55.735878 37.841008
55.736213 37.841048
55.734452 37.578382
55.746342 37.868243
55.70956 37.849442
55.711253 37.84384
55.737019 37.679543
55.714457 37.796782
55.745679 37.533083
55.584216 37.470778
55.769039 37.557177
55.769758 37.555812
55.473779 37.311495
55.46668 37.301921
55.430049 37.276153
55.740652 37.606563
55.701508 37.505076
55.747697 37.812365
55.656193 37.61389
55.719051 37.783176
55.880749 37.63859
55.581286 37.466809
55.721309 37.438829
55.673926 37.450414
55.785638 37.718418
55.581266 37.671563
55.808368 37.513363
55.719171 37.781098
55.672744 37.456216
55.690756 37.821707
55.710907 37.473039
55.876143 37.429404
55.863968 37.509623
55.89043 37.709746
55.93238 37.524928
55.875755 37.452671
55.817229 37.460315
55.79101 37.80156
55.791067 37.803713
55.822357 37.643143
55.822524 37.642667
55.880576 37.441934
55.70571 37.764073
55.68724 37.54355
55.600596 37.723328
55.684493 37.837084
55.682581 37.841332
55.839128 37.39635
55.878849 37.732915
55.796623 37.409306
55.812891 37.3965
55.641052 37.456318
55.654043 37.837647
55.6574 37.839663
55.613643 37.774805
55.883788 37.47037
55.734843 37.706917
55.716602 37.451981
55.719249 37.563949
55.708701 37.455037
55.86674 37.639727
55.885672 37.686294
55.804977 37.442695
55.849848 37.585097
55.698588 37.461028
55.697809 37.462445
55.720628 37.450751
55.546172 37.584935
55.728724 37.668545
55.708952 37.455254
55.699714 37.741618
55.803168 37.52241
55.769087 37.747984
55.741903 37.415138
55.841229 37.489265
55.824727 37.435491
55.829085 37.48939
55.889639 37.585786
55.919874 37.539641
55.88642 37.673558
55.879987 37.721736
55.878696 37.721365
55.875389 37.667119
55.70251 37.84076
55.813489 37.828427
55.716226 37.686701
55.776265 37.584948
55.673505 37.423309
55.744452 37.60144
55.764379 37.629633
55.560302 37.588001
55.751117 37.714258
55.609437 37.722883
55.632051 37.621287
55.721335 37.622141
55.71152 37.623401
55.710681 37.621623
55.719266 37.698996
55.902216 37.614704
55.668777 37.628876
55.710287 37.665934
55.729931 37.566927
55.707509 37.892561
55.883648 37.60466
55.854462 37.681844
55.863048 37.696888
55.759918 37.626283
55.77328 37.632211
55.622897 37.42657
55.826703 37.57253
55.507956 37.551543
55.760146 37.626914
55.508504 37.553071
55.671064 37.555238
55.618276 37.504421
55.724756 37.663852
55.859438 37.358449
55.704259 37.641535
55.721411 37.66348
55.703658 37.647438
55.868049 37.40602
55.746948 37.495232
55.789544 37.63504
55.79096 37.63456
55.692695 37.621732
55.674546 37.440635
55.804922 37.76259
55.811373 37.818732
55.763142 37.642934
55.784751 37.520456
55.657309 37.65384
55.723198 37.384331
55.629531 37.516728
55.58951 37.731717
55.730825 37.608397
55.746169 37.556719
55.716405 37.81363
55.751925 37.65576
55.567859 37.479604
55.791942 37.49042
55.622426 37.614371
55.719021 37.834754
55.602952 37.622429
55.574868 37.65341
55.731443 37.637642
55.875945 37.493474
55.665881 37.838113
55.752413 37.625978
55.808643 37.390007
55.610351 37.718005
55.643806 37.746515
55.74203 37.371123
55.587926 37.54326
55.743446 37.53351
55.683944 37.750971
55.81015 37.792957
55.81056 37.807485
55.705602 37.49797
55.80855 37.776386
55.859944 37.449262
55.749621 37.698336
55.514553 37.240292
55.657441 37.33974
55.800176 37.54989
55.677311 37.506913
55.676342 37.505934
55.808829 37.494851
55.58539 37.163044
55.807439 37.580737
55.54177 37.572212
55.817046 37.638959
55.827181 37.621634
55.880829 37.484308
55.630433 37.435279
55.667429 37.582874
55.814444 37.841133
55.737073 37.694038
55.83252 37.388781
55.759199 37.737653
55.77544 37.654624
55.851031 37.787422
55.841481 37.805988
55.844554 37.799326
55.855371 37.778329
55.868491 37.752703
55.731915 37.405609
55.809952 37.793069
55.810369 37.807374
55.885283 37.720013
55.648113 37.665129
55.775894 37.657007
55.77628 37.65816
55.774485 37.654296
55.77443 37.6545
55.602009 37.656988
55.686951 37.479199
55.693173 37.447425
55.694954 37.4498
55.700626 37.466555
55.577408 37.59651
55.581863 37.570335
55.856663 37.39613
55.856663 37.39613
55.977815 37.167394
55.602276 37.656929
55.601925 37.641876
55.57924 37.580761
55.911108 37.578847
55.697007 37.451454
55.846639 37.360265
55.601448 37.723039
55.797397 37.723854
55.902093 37.519721
55.646636 37.450286
55.996905 37.236695
55.83843 37.407458
55.655765 37.480412
55.74964 37.654131
55.695461 37.576821
55.604554 37.542745
55.676338 37.85592
55.676185 37.856638
55.612452 37.538553
55.78782 37.384211
55.589972 37.674362
55.587132 37.676948
55.664521 37.630483
55.871599 37.711977
55.665486 37.505949
55.758777 37.755621
55.765426 37.788896
55.756951 37.745526
55.791598 37.528337
55.773592 37.554737
55.969915 37.155811
55.837192 37.504066
55.769267 37.473834
55.640735 37.620267
55.788115 37.486038
55.776791 37.469025
55.698883 37.394131
55.673359 37.488091
55.849993 37.676022
55.712383 37.66567
55.989867 37.184517
55.704348 37.774479
55.989726 37.18493
55.861034 37.584507
55.860656 37.69154
55.676763 37.762033
55.859305 37.689292
55.861188 37.693014
55.871081 37.711929
55.729133 37.66195
55.747737 37.639883
55.897362 37.586832
55.815177 37.470095
55.730771 37.67375
55.901983 37.587255
55.773806 37.697687
55.913333 37.590833
55.83701 37.382253
55.835818 37.384136
55.792658 37.375141
55.80241 37.526353
55.721761 37.449666
55.730004 37.674796
55.711307 37.586637
55.63625 37.740032
55.57056 37.199182
55.91668 37.532486
55.936762 37.522665
55.912047 37.544361
55.570955 37.199542
55.723677 37.692514
55.654751 37.638484
55.710185 37.663641
55.600335 37.321543
55.600495 37.321451
55.830416 37.394519
55.880558 37.451658
55.70409 37.64699
55.663944 37.60955
55.832121 37.487218
55.757226 37.745491
55.660476 37.57518
55.800947 37.742911
55.683936 37.655141
55.800157 37.533709
55.716415 37.403593
55.701696 37.667178
55.743592 37.533987
55.72053 37.572795
55.669568 37.430394
55.543889 37.584886
55.755961 37.539574
55.665717 37.659651
55.656879 37.834202
55.721721 37.43949
55.614983 37.61127
55.764961 37.537664
55.61565 37.611989
55.705669 37.497533
55.652208 37.535504
55.594214 37.672812
55.639045 37.688297
55.764669 37.540844
55.729797 37.829588
55.636521 37.748828
55.710873 37.622248
55.711563 37.818458
55.632684 37.750453
55.772119 37.821276
55.76405 37.56071
55.704861 37.615122
55.805641 37.510848
55.767461 37.79922
55.652849 37.83648
55.677758 37.663136
55.777715 37.721488
55.672469 37.447825
55.736674 37.695592
55.799171 37.584192
55.875096 37.527266
55.659547 37.839918
55.767956 37.524429
55.777838 37.513316
55.749612 37.706859
55.643618 37.656152
55.777432 37.518643
55.710192 37.507425
55.667717 37.551758
55.680163 37.849778
55.787274 37.512504
55.706969 37.620872
55.775284 37.714456
55.730118 37.482089
55.747915 37.640877
55.685367 37.549734
55.766278 37.536711
55.784475 37.567825
55.788283 37.51186
55.784389 37.596172
55.630138 37.751967
55.69454 37.609071
55.670712 37.451155
55.770121 37.646557
55.769501 37.647139
55.747177 37.640818
56.000989 37.194615
55.74734 37.639818
55.741935 37.616213
55.675445 37.485489
55.671121 37.495837
55.691409 37.606986
55.743962 37.832694
55.588893 37.721772
55.7765 37.681226
55.63377 37.520363
55.996742 37.190987
55.65582 37.648961
55.893522 37.673211
55.829604 37.825249
55.739158 37.531966
55.65927 37.5153
55.817948 37.457505
55.7836 37.665594
55.8185 37.838274
55.709358 37.828633
55.808242 37.774935
55.674693 37.42305
55.900964 37.516442
55.641054 37.815312
55.728425 37.753566
55.632779 37.602373
55.674631 37.422725
55.837975 37.396098
55.608735 37.765567
55.667024 37.442975
55.672895 37.499015
55.811043 37.815742
55.572337 37.657442
55.760833 37.535
55.806029 37.829766
55.762758 37.684211
55.729915 37.624611
55.732757 37.383223
55.7675 37.84151
55.778536 37.663578
55.813415 37.832372
55.87853 37.73341
55.5662 37.574963
55.576755 37.591881
55.574064 37.68225
55.890369 37.710213
55.763056 37.383939
55.91084 37.580309
55.878233 37.433938
55.830982 37.826451
55.674108 37.524639
55.732602 37.375716
55.78533 37.663812
55.63757 37.352009
55.792405 37.639342
55.808951 37.839148
55.81447 37.577352
55.790764 37.633325
55.705249 37.766053
55.771199 37.818381
55.817067 37.575949
55.793246 37.617275
55.234696 37.031713
55.631452 37.440332
55.982104 37.176975
55.785463 37.5665
55.792703 37.624797
55.625681 37.439513
55.537934 37.461618
55.790809 37.62918
55.727753 37.680892
55.906462 37.544533
55.781142 37.623197
55.766385 37.842796
55.838726 37.529033
55.787266 37.58785
55.782382 37.697154
55.805998 37.386857
55.907376 37.541325
55.800872 37.383755
55.720832 37.83947
55.677417 37.83434
55.784652 37.369933
55.790497 37.584197
55.865508 37.626637
55.695976 37.807939
55.772372 37.686569
55.774893 37.656146
55.656789 37.570136
55.682006 37.664776
55.791431 37.576582
55.818819 37.45441
55.776149 37.657798
55.895494 37.668302
55.659671 37.434434
55.699654 37.798796
55.731243 37.638198
55.669753 37.837386
55.703134 37.665894
55.894189 37.697881
55.805517 37.839263
55.777902 37.674925
55.812629 37.389253
55.579475 37.683862
55.840592 37.663414
55.827475 37.831554
55.743807 37.654827
55.762122 37.843084
55.872717 37.409336
55.748252 37.699766
55.785914 37.57906
55.851593 37.389436
55.788739 37.377335
55.77167 37.369748
55.643703 37.470207
55.643829 37.470033
55.841298 37.569953
55.711685 37.81814
55.65638 37.761661
55.72286 37.627267
55.750923 37.567564
55.905033 37.542622
55.575565 37.686284
55.689643 37.472439
55.751826 37.571974
55.690514 37.666079
55.847848 37.391683
55.692857 37.62113
55.69119 37.606808
55.691352 37.606475
55.876357 37.509175
55.708664 37.646783
55.60326 37.605909
55.615668 37.611998
55.682257 37.664394
55.500396 37.587844
55.727167 37.756767
55.893873 37.542844
55.709424 37.529959
55.775607 37.657848
55.807711 37.394258
55.752672 37.533368
55.609917 37.667387
55.875275 37.423534
55.828825 37.649659
55.645737 37.489416
55.500493 37.587876
55.723549 37.692537
55.502786 37.336095
55.74659 37.678411
55.861793 37.69298
55.789366 37.571147
55.804236 37.420064
55.587242 37.448776
55.586299 37.446915
55.708081 37.861179
55.708399 37.861185
55.600955 37.722992
55.739516 37.721026
55.899964 37.547988
55.838787 37.58036
55.730948 37.552174
55.72054 37.535525
55.738047 37.565279
55.748161 37.698403
55.79086 37.656296
55.763129 37.521304
55.805268 37.448911
55.803355 37.747052
55.703391 37.616796
55.780864 37.57622
55.716998 37.580439
55.730414 37.629016
55.75436 37.690222
55.717971 37.693667
55.752735 37.58447
55.869002 37.445009
55.826044 37.427685
55.805465 37.448423
55.597511 37.636523
55.825941 37.4275
55.838142 37.63581
55.731971 37.703588
55.829155 37.578062
55.773415 37.615341
55.734712 37.701107
55.863049 37.448345
55.828925 37.649357
55.575609 37.607988
55.761672 37.523228
55.830732 37.378861
55.830292 37.376525
55.708518 37.665826
55.916871 37.544376
55.701513 37.62112
55.716327 37.686661
55.822723 37.440094
55.899482 37.670724
55.711256 37.820417
55.713313 37.57811
55.547041 37.515912
55.645185 37.672683
55.641134 37.457525
55.786615 37.562
55.605805 37.719685
55.863581 37.566305
55.804396 37.433123
55.664197 37.657468
55.752729 37.578063
55.718099 37.414875
55.81041 37.810747
55.548427 37.441981
55.433636 36.867284
55.792698 37.603067
55.717543 37.502428
55.789414 37.571053
55.4319 36.863856
55.588176 37.473558
55.854717 37.451456
55.69935 37.56475
55.820459 37.450301
55.713405 37.577921
55.800564 37.585291
55.609881 37.493412
55.677809 37.543263
55.758547 37.578367
55.665977 37.4289
55.776872 37.555223
55.627096 37.525443
55.590029 37.724543
55.784279 37.564407
55.721525 37.560338
55.767843 37.599298
55.786783 37.567862
55.713645 37.820654
55.706008 37.619945
55.818078 37.456387
55.811992 37.839498
55.63523 37.452219
55.758792 37.392916
55.843476 37.438778
55.772237 37.419369
55.787325 37.385014
55.829179 37.512728
55.7583 37.832192
55.59325 37.520731
55.745521 37.612955
55.747646 37.611812
55.749411 37.41242
55.718916 37.52165
55.887854 37.658014
55.796228 37.497527
55.6055 37.75956
55.873378 37.418779
55.770883 37.597765
55.745689 37.419678
55.718425 37.512661
55.791887 37.637659
55.707374 37.752206
55.756378 37.741015
55.763549 37.68497
55.657312 37.838859
55.655164 37.83776
55.907267 37.598525
55.773458 37.369911
55.705931 37.621107
55.70126 37.831733
55.837405 37.659422
55.769289 37.612392
55.699086 37.917984
55.770266 37.813602
55.771312 37.747668
55.659731 37.735387
55.943585 37.543345
55.942886 37.543068
55.935489 37.54664
55.928983 37.547192
55.912497 37.544254
55.908744 37.544064
55.658387 37.747902
55.579231 37.696875
55.579811 37.698478
55.86968 37.505673
55.908399 37.389566
55.805977 37.387552
55.801308 37.384205
55.69032 37.665486
55.575126 37.605876
55.6023 37.299158
55.572171 37.662714
55.698597 37.666667
55.532763 37.226241
55.907232 37.389977
55.679692 37.55307
55.704164 37.597724
55.668468 37.516105
55.840984 37.356916
55.797405 37.537676
55.789199 37.556263
55.808874 37.494561
55.894806 37.686736
55.801538 37.748365
55.803574 37.757582
55.810144 37.80035
55.599157 37.505506
55.538227 37.514129
55.639569 37.333666
55.805108 37.437548
55.804301 37.430452
55.642857 37.619132
55.568598 37.351811
55.563454 37.344203
55.718806 37.482767
55.80357 37.426244
55.725803 37.839653
55.651522 37.656242
55.748705 37.499409
55.678785 37.564164
55.722042 37.554855
55.813696 37.471931
55.815785 37.464918
55.814087 37.471551
55.666531 37.629119
55.669657 37.628015
55.669705 37.62846
55.738376 37.464505
55.733497 37.543424
55.567078 37.350498
55.700693 37.703813
55.67818 37.543467
55.710316 37.421721
55.651105 37.48547
55.648022 37.478681
55.645904 37.474045
55.645681 37.528378
55.851905 37.644847
55.662874 37.627536
55.606639 37.530225
55.567475 37.6012
55.663457 37.63073
55.663192 37.623442
55.663472 37.615665
55.713796 37.388714
55.714201 37.388857
55.714201 37.388857
55.822827 37.825395
55.910252 37.543604
55.602021 37.725651
55.625441 37.753577
55.684812 37.520847
55.685113 37.521294
55.695167 37.538368
55.605455 37.536407
55.5285 37.520751
55.965788 37.185624
55.602546 37.532556
55.843497 37.438803
55.885489 37.395778
55.836398 37.453927
55.745979 37.636643
55.745979 37.636643
55.730853 37.858136
55.719232 37.873199
55.683183 37.517195
55.822923 37.440186
55.769196 37.72011
55.704959 37.395083
55.660693 37.421985
55.653805 37.3909
55.674539 37.501993
55.672498 37.499054
55.643035 37.468208
55.66575 37.512055
55.739379 37.433083
55.709679 37.422018
55.830521 37.572578
55.794336 37.544651
55.8689 37.461012
55.865072 37.463269
55.502943 37.268934
55.728275 37.764618
55.747466 37.690349
55.60386 37.335242
55.60729 37.348379
55.560095 37.161599
55.63579 37.349098
55.585737 37.263876
55.585525 37.26394
55.618716 37.33992
55.616459 37.343989
55.723408 37.603054
55.738055 37.649306
55.995222 37.230933
55.732433 37.603383
55.790271 37.59027
55.597506 37.743296
55.573078 37.648668
55.713746 37.809537
55.655438 37.478341
55.691883 37.560563
55.671264 37.836825
55.841991 37.373335
55.908709 37.389568
55.681374 37.514639
55.681118 37.514169
56.012025 37.191694
55.965767 37.185121
55.986257 37.181336
55.986581 37.182048
55.856217 37.396521
55.77235 37.364497
55.78888 37.634999
55.5946 37.60236
55.98819 37.229292
55.820588 37.826212
55.612638 37.494345
55.809976 37.795274
55.765112 37.379384
55.583018 37.470027
55.748765 37.702637
55.619173 37.771572
55.663882 37.431601
55.765599 37.366863
55.697163 37.626271
55.749898 37.632525
56.008586 37.197533
55.621649 37.615131
55.755695 37.831896
55.818702 37.702441
55.854612 37.451318
55.773434 37.36985
55.716427 37.385057
55.761242 37.368976
55.715311 37.396348
55.58012 37.596753
55.701288 37.607902
55.577335 37.608287
55.714364 37.393061
55.743999 37.848823
55.76129 37.768377
55.744376 37.849593
55.856497 37.672935
55.810444 37.810019
55.8109 37.812885
55.640536 37.61725
55.780005 37.667427
55.807042 37.408834
55.722384 37.696503
55.996554 37.211809
55.579702 37.577502
55.779974 37.666774
55.700841 37.62127
55.761287 37.767726
55.813743 37.496262
55.794874 37.701225
56.007762 37.201027
55.843335 37.439078
55.849368 37.426087
55.86038 37.601678
55.836561 37.451138
55.794549 37.700866
55.682284 37.664498
55.667668 37.458344
55.805741 37.839723
55.750374 37.450333
55.605588 37.720388
55.819589 37.74838
55.647386 37.478448
55.737829 37.695132
55.638219 37.815594
55.681843 37.731754
55.767119 37.840094
55.65614 37.469105
55.597644 37.532403
55.689652 37.665839
55.703789 37.550612
55.705551 37.763742
55.718835 37.703856
55.700961 37.755611
55.829699 37.553211
55.635312 37.728132
55.704142 37.774691
55.856642 37.662015
55.970184 37.156527
55.696605 37.806423
55.781858 37.574697
55.605839 37.600953
55.613763 37.739138
55.707987 37.639601
55.763116 37.822008
55.644099 37.745887
55.625456 37.616631
55.910478 37.390084
55.700783 37.397373
55.751896 37.718318
55.728353 37.753693
55.624552 37.609813
55.811667 37.480988
55.650581 37.619792
55.596127 37.305666
55.534846 37.515984
55.634009 37.521929
55.534105 37.517619
55.631285 37.479205
55.787501 37.593498
55.991888 37.18671
55.800287 37.740932
55.673959 37.662388
55.828649 37.649851
56.007481 37.200387
55.745322 37.57599
55.632805 37.444632
55.733125 37.543591
55.822644 37.450754
55.749212 37.815857
55.685313 37.550258
55.822021 37.64204
55.698066 37.551569
55.747364 37.873599
55.8228 37.440025
55.64245 37.553948
55.894682 37.693766
55.658589 37.489177
55.78905 37.588237
55.781926 37.616052
55.769491 37.510363
55.769895 37.509442
55.854251 37.681017
55.671749 37.520957
55.669289 37.499543
55.856582 37.588189
55.726704 37.62293
55.575544 37.607769
55.870723 37.636836
55.705083 37.833041
55.62311 37.615532
55.728712 37.584616
55.73137 37.611935
55.707619 37.535096
55.788109 37.755681
55.70705 37.534129
55.744488 37.533387
55.60535 37.606974
55.970008 37.159939
55.851374 37.365372
55.897494 37.672766
55.609444 37.591185
55.636568 37.741943
55.6358 37.463543
55.609223 37.590761
55.99359 37.228436
55.635724 37.463112
55.738215 37.697862
55.738166 37.697581
55.894015 37.697807
55.791949 37.622299
56.004001 37.197639
55.992738 37.187152
55.988924 37.225582
55.853582 37.584522
55.732017 37.543417
55.753259 37.817657
55.723806 37.588379
55.993214 37.213942
55.606036 37.601112
55.706504 37.393074
55.740824 37.611521
55.684341 37.421325
55.721751 37.772777
55.982916 37.178801
55.804209 37.422369
55.870286 37.534397
55.760593 37.535005
56.005835 37.204231
55.686303 37.415603
55.742315 37.609011
55.538241 37.543476
55.870757 37.533589
55.764462 37.36666
55.750571 37.450987
55.787428 37.593281
55.589861 37.72448
55.631316 37.440109
55.668363 37.589754
55.789372 37.558118
55.984684 37.239019
55.690603 37.540523
55.979927 37.185744
55.863312 37.448486
55.698721 37.403098
55.974315 37.183353
55.669313 37.836909
55.898219 37.566719
55.60674 37.761773
55.713273 37.57799
55.815056 37.503744
55.85051 37.45257
55.813958 37.839789
55.680255 37.634285
55.651802 37.345065
55.70443 37.621916
55.808425 37.6376
55.795216 37.634386
55.826113 37.649612
55.833796 37.655062
55.838876 37.660757
55.867532 37.66324
55.725678 37.76296
55.734384 37.669209
55.732263 37.715004
55.708529 37.455688
55.714964 37.39406
55.715714 37.401517
55.769997 37.69272
55.656495 37.843809
55.865449 37.662227
55.809816 37.612324
55.649388 37.66267
55.865966 37.447346
55.658865 37.436094
55.863373 37.605165
55.864514 37.605804
55.89847 37.591262
55.786039 37.563345
55.920119 37.540333
55.800527 37.633537
55.800832 37.634688
55.887776 37.652485
55.65705 37.5974
55.656575 37.598206
55.832751 37.453413
55.831812 37.4536
55.898013 37.543205
55.352917 37.340838
55.531099 37.234091
55.75587 37.737597
55.781334 37.642932
55.237157 37.038126
55.429103 37.275812
55.751267 37.625239
55.77545 37.714166
55.492795 37.327482
55.660194 37.481934
55.775446 37.835896
55.758768 37.55802
55.763346 37.561965
55.763295 37.559817
55.572458 37.597573
55.720596 37.450145
55.720405 37.776716
55.724267 37.766101
55.720776 37.776445
55.760664 37.577677
55.453602 36.940323
55.71078 37.837
55.569561 37.58517
55.620853 37.445955
55.759275 37.677338
55.596998 37.355542
55.508157 36.935125
55.599948 37.159292
55.5025 37.51754
55.616876 37.787197
55.684825 37.421902
55.601555 37.553607
55.640728 37.50231
55.892863 37.672536
55.80647 37.62298
55.820836 37.620738
55.723554 37.380121
55.81571 37.51443
55.676072 37.768389
55.771019 37.640603
55.783598 37.820717
55.769677 37.767226
55.850402 37.366775
55.844783 37.378836
55.882461 37.483383
55.775378 37.632241
55.767895 37.620929
55.644002 37.527505
55.678042 37.563557
55.69833 37.543374
55.772114 37.603654
55.729074 37.618207
55.79038 37.488091
55.7845 37.481788
55.784948 37.482335
55.792264 37.491538
55.719769 37.424036
55.717481 37.411577
55.719219 37.420694
55.864279 37.583969
55.588332 37.15821
55.580071 37.127118
55.58704 37.121088
55.587809 37.11973
55.806994 37.387138
55.813495 37.602645
55.663426 37.569412
55.665433 37.569052
55.811772 37.582374
55.709852 37.52315
55.821941 37.589044
55.820369 37.591722
55.818976 37.592479
55.827602 37.580718
55.826757 37.581631
55.646429 37.727222
55.705233 37.767727
55.848177 37.584586
55.823376 37.814189
55.587446 37.676127
55.749586 37.775592
55.755697 37.751969
55.740449 37.768553
55.747802 37.781003
55.749275 37.776856
55.744985 37.812969
55.746875 37.67106
55.74693 37.668709
55.674865 37.590965
55.770946 37.644182
55.600577 37.671297
55.609178 37.718135
55.765521 37.603595
55.764175 37.605288
55.764342 37.606313
55.68398 37.64706
55.657974 37.501048
55.665506 37.429717
55.758589 37.59848
55.763964 37.593396
55.583984 37.597807
55.582894 37.596991
55.504128 37.57508
55.834643 37.387687
55.702948 37.667001
55.622245 37.657261
55.739033 37.778712
55.761926 37.79281
55.707331 37.746914
55.69311 37.815789
55.574134 37.215095
55.563096 37.171826
55.635471 37.719081
55.553301 37.138183
55.553301 37.138183
55.493032 36.960737
55.479265 36.94068
55.468582 36.925089
55.429224 36.859243
55.870627 37.633206
55.595492 37.602918
55.553435 37.138892
55.560044 37.161802
55.565136 37.179543
55.552348 37.55085
55.564976 37.178846
55.611974 37.365832
55.638267 37.542183
55.753167 37.556163
55.699611 37.501358
55.664025 37.479803
55.684296 37.651282
55.752947 37.807588
55.739569 37.846745
55.78281 37.697748
55.793218 37.803467
55.793414 37.80967
55.977256 37.162963
55.956636 37.195001
55.647898 37.513981
55.642438 37.527183
55.98382 37.147401
55.635785 37.696155
55.805312 37.414016
55.811725 37.3985
55.985477 37.214901
55.652968 37.604318
55.675832 37.749138
55.663917 37.613776
55.66411 37.606371
55.879229 37.669748
55.88774 37.662693
55.860825 37.347054
55.807013 37.395283
55.730253 37.556469
55.80603 37.394111
55.799665 37.405422
55.729417 37.614353
55.627427 37.691932
55.641312 37.604367
55.70895 37.877261
55.746881 37.554392
55.798833 37.390611
55.626679 37.737618
55.859671 37.659334
55.653951 37.392219
55.606576 37.459385
55.951969 37.214938
55.619745 37.712481
55.864681 37.701005
55.697016 37.496864
55.854925 37.683104
55.765663 37.637535
55.814819 37.628326
55.881486 37.670887
55.709141 37.884849
55.777759 37.462961
55.766434 37.637002
55.979904 37.191313
55.74972 37.50298
55.648034 37.5306
55.851949 37.439086
55.821644 37.606664
55.655793 37.480159
55.8092 37.476276
55.84276 37.382387
55.845231 37.377289
55.883149 37.640263
55.85696 37.353375
55.855826 37.356454
55.841933 37.382641
55.809481 37.781639
55.809531 37.781213
55.608099 37.350174
55.701751 37.831464
55.793228 37.690699
55.868814 37.620319
55.888324 37.673908
55.672919 37.651747
55.720727 37.66381
55.62717 37.473587
55.892908 37.402959
55.855874 37.663439
55.81272 37.829009
55.794372 37.841174
55.756567 37.657869
55.791432 37.704707
55.733404 37.405937
55.757532 37.597656
55.610232 37.712978
55.65208 37.380245
55.758896 37.620375
55.708235 37.666202
55.642416 37.360138
55.758995 37.584209
55.677183 37.625725
55.695772 37.62115
55.754094 37.532097
55.814757 37.843556
55.601763 37.723393
55.984015 37.158252
55.667969 37.592331
55.687584 37.546291
55.984176 37.152914
55.755752 37.739576
55.810731 37.798324
55.970022 37.174007
55.810503 37.799644
55.970272 37.177119
55.551766 37.535153
55.692076 37.621841
55.650721 37.594766
55.633004 37.619045
55.722941 37.769322
55.777105 37.583419
55.776413 37.5835
55.823707 37.644948
55.740223 37.415303
55.623088 37.751439
55.750044 37.654219
55.700012 37.705659
55.850334 37.422612
55.887715 37.65406
55.64902 37.390404
55.792144 37.527715
55.551778 37.586804
55.691245 37.73539
55.742803 37.676373
55.752313 37.720634
55.751251 37.716456
55.795953 37.714025
55.82992 37.578089
55.810666 37.487855
55.709476 37.729368
55.901083 37.543441
55.490906 37.401642
55.806393 37.636546
55.708188 37.838345
55.672137 37.626903
55.739383 37.816585
55.67768 37.464303
55.805056 37.636948
55.795739 37.634985
55.814214 37.638527
55.820158 37.641058
55.922353 37.393662
55.82147 37.642494
55.82603 37.647305
55.827926 37.649282
55.67871 37.663429
55.817394 37.638342
55.815971 37.638256
55.810599 37.637155
55.791512 37.532923
55.720365 37.563783
55.866141 37.702463
55.715109 37.45309
55.837627 37.438236
55.725316 37.40289
55.705752 37.513364
55.710273 37.405407
55.671195 37.450739
55.588406 37.47463
55.684675 37.65601
55.731358 37.848962
55.874157 37.606505
55.738408 37.819913
55.655563 37.647214
55.655571 37.741918
55.49833 36.923935
55.769689 37.596226
55.540125 37.497074
55.691541 37.665686
55.504781 37.597536
55.737347 37.485123
55.759025 37.738748
55.606293 37.486737
55.87897 37.405022
55.879017 37.404647
55.732096 37.671573
55.741251 37.757229
55.56777 37.574829
55.862103 37.523181
55.644257 37.675848
55.709797 37.594013
55.640738 37.685248
55.631426 37.335536
55.713444 37.877341
55.829966 37.651273
55.787258 37.640501
55.745717 37.533371
55.772614 37.823527
55.667395 37.503645
55.668812 37.590414
55.753783 37.570438
55.688009 37.622273
55.655546 37.619221
55.834499 37.549354
55.911087 37.544226
55.795158 37.634369
55.732786 37.56088
55.565999 37.597612
55.739235 37.530306
55.828501 37.369573
55.772249 37.588137
55.700934 37.621349
55.616067 37.501306
55.690575 37.530481
55.812757 37.826864
55.73899 37.675088
55.872238 37.712709
55.879915 37.544901
55.859231 37.689786
55.858269 37.686199
55.661758 37.619307
55.810655 37.804969
55.824684 37.57314
55.655016 37.653594
55.74016 37.653635
55.640145 37.54774
55.649489 37.38578
55.66785 37.552466
55.821741 37.44388
55.836761 37.387712
55.756756 37.701606
55.719152 37.571493
55.545409 37.584886
55.656976 37.825754
55.563073 37.414901
55.562987 37.41424
55.693044 37.734676
55.694997 37.734346
55.720138 37.427421
55.803849 37.756928
55.570865 37.392465
55.812008 37.824579
55.669129 37.42666
55.686514 37.523096
55.683289 37.623676
55.749923 37.708189
55.695794 37.531491
55.688374 37.482296
55.661905 37.511005
55.644933 37.619958
55.796788 37.71836
55.73767 37.615174
55.785242 37.634733
55.536348 37.576907
55.866974 37.461984
55.831014 37.487656
55.759152 37.626712
55.745909 37.579427
55.666429 37.550313
55.753797 37.729224
55.813177 37.637696
55.708226 37.833105
55.70743 37.836673
55.853227 37.361016
55.50938 37.24951
55.750654 37.642196
55.753766 37.635204
55.713729 37.453525
55.870249 37.547913
55.610282 37.609478
55.778041 37.478426
55.777792 37.478764
55.812068 37.50373
55.749988 37.709629
55.810242 37.807083
55.809757 37.787703
55.778179 37.458054
55.661756 37.545749
55.77695 37.467766
55.8167 37.499978
55.803366 37.52227
55.805164 37.515537
55.806976 37.50891
55.717809 37.401629
55.719133 37.570901
55.761701 37.821264
55.864309 37.464469
55.801186 37.63503
55.80935 37.505943
55.578062 37.577475
55.748293 37.655458
55.748288 37.655844
55.632875 37.601967
55.837512 37.54143
55.680827 37.481339
55.853243 37.564103
55.866891 37.54746
55.808791 37.580422
55.650535 37.619846
55.782558 37.594416
55.761991 37.569256
55.852613 37.584561
55.558631 37.589508
55.702053 37.621275
55.60951 37.590742
55.699248 37.57868
55.809435 37.492192
55.811017 37.484584
55.775727 37.838565
55.72182 37.61038
55.8133 37.82999
55.782611 37.731499
55.754762 37.734353
55.791882 37.550571
55.788971 37.559229
55.509805 37.575147
55.516761 37.577293
55.833445 37.399725
55.778331 37.458142
55.750846 37.645259
55.750785 37.643309
55.708806 37.519756
55.78765 37.384608
55.772667 37.490228
55.752582 37.531467
55.717407 37.79153
55.749025 37.437325
55.607783 37.666118
55.607719 37.666545
55.707707 37.518045
55.671659 37.496809
55.792118 37.629625
55.732439 37.543015
55.605855 37.628866
55.791349 37.571566
55.688117 37.527451
55.766913 37.632064
55.77297 37.4906
55.75978 37.581523
55.67452 37.626695
55.827475 37.490735
55.840102 37.349823
55.621775 37.731197
55.752463 37.656354
55.677236 37.744721
55.76376 37.674613
55.64596 37.605296
55.681869 37.491718
55.620173 37.718727
55.680405 37.547118
55.689267 37.596831
55.690809 37.621472
55.781773 37.67042
55.806979 37.504328
55.719142 37.418344
55.713323 37.829446
55.841268 37.522574
55.87634 37.534617
55.83873 37.576878
55.842378 37.554
55.672103 37.607867
55.790021 37.683131
55.731326 37.445954
55.730102 37.446055
55.712987 37.622125
55.638769 37.690919
55.765767 37.789224
55.757731 37.584626
55.783516 37.562302
55.756023 37.583751
55.73029 37.628852
55.720677 37.430881
55.754644 37.583517
55.729792 37.620232
55.750398 37.58278
55.750367 37.58315
55.655907 37.619349
55.792677 37.622176
55.731023 37.60863
55.60943 37.612625
55.730088 37.628937
55.739286 37.650998
55.743792 37.65517
55.749848 37.656084
55.755053 37.657405
55.763528 37.588194
55.77083 37.599534
55.674462 37.626248
55.675095 37.626589
55.733255 37.6419
55.876459 37.718682
55.734494 37.644197
55.68538 37.835485
55.719225 37.703828
55.792987 37.607119
55.558931 37.585606
55.76221 37.642575
55.708899 37.621493
55.661879 37.774311
55.795732 37.70253
55.653034 37.442327
55.668732 37.428814
55.831801 37.393753
55.88584 37.476183
55.910697 37.568897
55.572102 37.575414
55.572717 37.573987
55.909408 37.586607
55.830454 37.830101
55.598098 37.603005
55.573209 37.597826
55.607059 37.625477
55.592642 37.600905
55.715297 37.575128
55.719312 37.702683
55.810261 37.839772
55.792974 37.622232
55.853788 37.64956
55.713341 37.837484
55.735277 37.613608
55.813747 37.83708
55.713394 37.387204
55.769371 37.370533
55.71875 37.840851
55.705162 37.833249
55.690457 37.83004
55.713639 37.387295
55.65307 37.837382
55.592768 37.728767
55.709994 37.421738
55.879772 37.438184
55.566702 37.598369
55.841961 37.353612
55.630236 37.661236
55.638372 37.523105
55.666364 37.581453
55.907047 37.367099
55.805321 37.58266
55.7669 37.533121
55.900642 37.524002
55.899833 37.519072
55.861037 37.481746
55.636265 37.620521
55.727274 37.829309
55.676526 37.517875
55.740285 37.661435
55.886561 37.514304
55.873571 37.699536
55.876381 37.524743
55.87682 37.55745
55.881659 37.495886
55.664735 37.52627
55.69034 37.575397
55.689479 37.574512
55.682132 37.5671
55.563392 37.446214
55.559368 37.442519
55.680438 37.5659
55.757526 37.464106
55.680073 37.564835
55.776248 37.602866
55.79015 37.51073
55.793098 37.792163
55.72119 37.805579
55.75777 37.819833
55.845416 37.521712
55.859621 37.50874
55.630336 37.517899
55.689844 37.542328
55.642101 37.526163
55.710493 37.666308
55.781358 37.629412
55.723468 37.588098
55.758927 37.779851
55.680498 37.557754
55.769968 37.565475
55.79015 37.62242
55.542501 37.40622
55.505893 37.341764
55.509351 37.35022
55.91633 37.54491
55.535195 37.538523
55.650773 37.480787
55.715671 37.803293
55.814108 37.734188
55.89803 37.58429
55.596137 37.635997
55.76232 37.53677
55.637644 37.691809
55.798951 37.731332
55.724361 37.497396
55.691411 37.487224
55.77682 37.632633
55.701771 37.521599
55.691632 37.488087
55.89823 37.57235
55.678115 37.530339
55.606477 37.295429
55.715976 37.88499
55.620132 37.668084
55.736154 37.515092
55.735628 37.514566
55.79684 37.616258
55.680039 37.559882
55.787279 37.687349
55.697991 37.752817
55.772487 37.418354
55.733146 37.498725
55.68018 37.63706
55.651821 37.380723
55.755046 37.633975
55.796634 37.715802
55.820677 37.665422
55.79352 37.585983
55.796534 37.794054
55.863892 37.697449
55.671644 37.491469
55.778993 37.691677
55.819165 37.639029
55.646355 37.719403
55.801046 37.635657
55.716787 37.423281
55.717614 37.423827
55.714795 37.42329
55.713982 37.422498
55.545472 37.58531
55.858704 37.687367
55.686885 37.929113
55.544418 37.561853
55.861488 37.552775
55.325848 37.163118
55.332837 37.343525
55.579965 37.357413
55.790739 37.554295
55.796511 37.541206
55.320381 37.255856
55.310763 37.148888
55.628013 37.426204
55.796143 37.541399
55.790582 37.553952
55.632012 37.441497
55.297835 37.197255
55.28245 37.156542
55.308055 37.146338
55.563616 37.557424
55.291557 37.129237
55.255673 37.15548
55.578214 37.206864
55.499398 37.384934
55.370812 37.386825
55.28959 37.127023
55.562877 37.556048
55.280447 37.117808
55.274512 37.128935
55.274627 37.132637
55.2672 37.11708
55.336255 37.297218
55.334935 37.29426
55.39566 37.436327
55.98997 37.144482
55.956622 37.185775
55.957182 37.186598
55.998053 37.160652
55.98038 37.256647
55.413937 37.410413
55.730737 37.8476
55.714925 37.743232
55.471973 37.303768
55.954138 37.344882
55.759245 37.611743
55.926978 37.363997
55.91827 37.389832
55.919762 37.383855
55.492675 37.327544
55.526328 37.383439
55.41625 37.191956
55.608096 37.351772
55.720192 37.423649
55.451592 36.941438
55.84494 37.420335
55.325087 37.095223
55.473722 37.536653
55.876688 37.492345
55.714123 37.727777
55.731347 37.845213
55.775439 37.836791
55.856519 37.683917
55.839035 37.809652
55.827478 37.832512
55.825335 37.834893
55.911105 37.572268
55.8712 37.747318
55.86074 37.767613
55.862192 37.764798
55.260487 37.0996
55.48175 37.521953
55.395782 37.234612
55.394303 37.233213
55.388268 37.226212
55.255067 37.085372
55.627374 37.657274
55.252552 37.078645
55.25231 37.078288
55.246438 37.062928
55.244878 37.05863
55.241855 37.050883
55.22956 37.018883
55.22576 37.008952
55.218468 36.989873
55.392063 37.230527
55.413323 37.195323
55.604268 37.299905
55.41725 37.190987
55.482085 36.944973
55.461123 36.914405
55.458643 36.910085
55.457412 36.907587
55.567077 37.588605
55.448527 36.892298
55.844693 37.420392
55.448338 36.892497
55.733944 37.542695
55.824904 37.652851
55.824243 37.653993
55.929615 37.379907
55.699345 37.855225
55.930732 37.378835
55.946661 37.356286
55.705309 37.575372
55.426797 37.280693
55.769507 37.540595
55.499045 37.289992
55.511543 37.243178
55.777733 37.845258
55.973453 37.262217
55.905213 37.543239
55.785118 37.664257
55.777535 37.679785
55.611606 37.770595
55.787825 37.568609
55.706172 37.514055
55.710949 37.638348
55.77679 37.841576
55.599269 37.316533
55.667146 37.740633
55.638208 37.352499
55.775004 37.656085
55.73886 37.570497
55.864495 37.40245
56.006719 37.166762
55.73176 37.774306
55.793014 37.576978
55.831923 37.399839
55.876191 37.718255
55.326639 37.104233
55.325107 37.096306
55.573582 37.356347
55.709754 37.825607
55.715876 37.574497
55.659686 37.434433
55.608462 37.351608
55.615482 37.378493
55.701867 37.790284
55.733065 37.702167
55.605281 37.605834
55.730635 37.723925
55.657035 37.837691
55.606856 37.353652
55.757923 37.394907
55.606856 37.353652
55.610402 37.351119
55.604379 37.337678
55.493783 37.584026
55.630121 37.470246
55.596531 37.305722
55.703065 37.656299
55.812708 37.57786
55.771405 37.517017
55.623405 37.477668
55.693824 37.555868
55.69547 37.558012
55.835681 37.541855
55.844891 37.542349
55.788879 37.540556
55.781084 37.612148
55.79252 37.524488
55.530355 37.526277
55.711617 37.819395
55.723231 37.769157
55.813534 37.638423
55.713569 37.383677
55.713275 37.382765
55.810464 37.637733
55.64959 37.56265
55.656877 37.598289
55.781762 37.462181
55.768829 37.555754
55.984481 37.211363
55.719954 37.421713
55.510574 37.564685
55.567301 37.481461
55.792771 37.56202
55.877896 37.719626
55.700419 37.854199
55.745367 37.861658
55.884834 37.504197
55.70382 37.7773
55.742909 37.644841
55.866664 37.608533
55.565117 37.152892
55.564637 37.152095
55.842364 37.665834
55.846742 37.360757
55.989732 37.213345
55.84133 37.373577
55.773586 37.624545
55.840345 37.385687
55.606883 37.295352
55.633946 37.44945
55.707177 37.554777
55.709535 37.733819
55.734008 37.406921
55.733804 37.400985
55.693594 37.467284
55.693334 37.554971
55.624487 37.710074
55.70349 37.61753
55.629321 37.706493
55.500236 37.33232
55.499213 37.33199
55.641111 37.605299
55.631704 37.620007
55.611198 37.717947
55.619417 37.713217
55.570563 37.561573
55.851725 37.602081
55.706046 37.513575
55.531307 37.389561
55.813657 37.577882
55.846262 37.567628
55.706774 37.567692
55.716237 37.709892
55.715704 37.710669
55.674797 37.73948
55.98915 37.145542
55.674268 37.739197
55.843626 37.439494
55.763016 37.776568
55.70918 37.878886
55.454881 37.294032
55.847593 37.660607
55.664286 37.605103
55.594704 37.477965
55.439795 37.288434
55.704815 37.552065
55.741002 37.656472
55.54616 37.527905
55.637114 37.455437
55.746531 37.641441
55.733 37.602435
55.581189 37.465576
55.61617 37.51071
55.624174 37.542414
55.71583 37.518775
55.541602 37.50245
55.762312 37.385828
55.613207 37.495394
55.694656 37.5571
55.619473 37.504865
55.731329 37.606802
55.384366 37.411089
55.388016 37.420482
55.396126 37.437291
55.402178 37.452461
55.779451 37.590172
55.779877 37.5909
55.399772 37.44418
55.395095 37.434675
55.389335 37.422598
55.655793 37.624242
55.70435 37.5837
55.383435 37.407965
55.703295 37.581741
55.872307 37.547606
55.81088 37.579401
55.700312 37.576899
55.815721 37.576687
55.73422 37.862788
55.353549 37.185317
55.369606 37.201373
55.373333 37.205297
55.652557 37.546953
55.731342 37.845794
55.471543 36.929604
55.323079 37.161247
55.655212 37.540414
55.304761 37.14295
55.300772 37.138866
55.278025 37.114904
55.664914 37.539841
55.765157 37.606024
55.726615 37.760112
55.670414 37.496437
55.764466 37.520694
55.638589 37.353811
55.261975 37.103192
55.221564 36.997564
55.219536 36.992222
55.216683 36.984868
55.732938 37.498857
55.715102 37.384579
55.656912 37.826372
55.537951 37.582967
55.699829 37.402177
55.701811 37.399526
55.826204 37.427277
55.782274 37.572468
55.803651 37.756663
55.878017 37.668615
55.363715 37.36885
55.359596 37.358123
55.828895 37.639721
55.350558 37.334443
55.343496 37.316104
55.335332 37.294815
55.835638 37.625934
55.838703 37.621734
55.830381 37.619916
55.82906 37.622
55.828768 37.625343
55.828212 37.639516
55.720442 37.450797
55.589745 37.118005
55.811115 37.578859
55.855315 37.683054
55.79946 37.635118
55.676051 37.59176
55.70081 37.796046
55.566817 37.601315
55.619568 37.395358
55.716177 37.625963
55.714758 37.402937
55.77827 37.447889
55.882944 37.460867
55.834632 37.572325
55.76349 37.777789
55.813586 37.502133
55.60486 37.5112
55.641741 37.60224
55.724883 37.579345
55.826094 37.492344
55.611904 37.493725
55.868682 37.70791
55.899323 37.586778
55.747858 37.638783
55.653009 37.653691
55.851262 37.388006
55.647868 37.530911
55.573041 37.571809
55.706356 37.627422
55.635751 37.705771
55.655663 37.570307
55.733555 37.698652
55.735041 37.595881
55.846665 37.375156
55.748597 37.624393
55.700304 37.620938
55.640061 37.52475
55.710413 37.530146
55.981149 37.20277
55.981057 37.201591
55.733038 37.498789
55.6906 37.735949
55.60674 37.762561
55.623431 37.266326
55.957701 37.19024
55.979435 37.264268
55.739414 37.650272
55.730318 37.484611
55.709163 37.666751
55.819179 37.638086
55.52266 37.376241
55.646494 37.269646
55.470133 37.3061
55.894922 37.686737
55.84234 37.393637
55.320292 37.066456
55.704328 37.667802
55.729586 37.617386
55.714612 37.824951
55.719074 37.622241
55.628854 37.336774
55.576774 37.687333
55.727888 37.654038
55.789263 37.375856
55.731139 37.845897
55.698931 37.54362
55.813603 37.837809
55.603231 37.501675
55.622586 37.406843
55.788045 37.381095
55.622567 37.790918
55.724285 37.797881
55.665631 37.46367
55.716321 37.897389
55.699685 37.575838
55.328438 37.164773
55.757639 37.750512
55.476962 37.316963
55.764283 37.40761
55.736609 37.698451
55.811816 37.820098
55.806477 37.767548
55.805134 37.76223
55.680709 37.534187
55.65776 37.49965
55.791288 37.605726
55.654505 37.742402
55.864933 37.485629
55.651829 37.534648
55.703332 37.572657
55.667961 37.551952
55.625446 37.512069
55.764303 37.563764
55.746561 37.681326
55.621607 37.608962
55.792289 37.636585
55.793293 37.634869
55.793226 37.634679
55.736788 37.518407
55.700696 37.853485
55.87148 37.64229
55.871273 37.64226
55.727882 37.472593
55.732067 37.595302
55.78719 37.622513
55.664846 37.642577
55.327606 37.274618
55.325789 37.270006
55.324768 37.267481
55.322632 37.261688
55.320535 37.256093
55.850147 37.414694
55.315897 37.244061
55.312035 37.234003
55.704028 37.642347
55.306266 37.222059
55.304025 37.218347
55.302031 37.210765
55.296383 37.193094
55.682021 37.597926
55.854578 37.584823
55.696658 37.554163
55.852565 37.668237
55.78272 37.624039
55.675644 37.857225
55.871652 37.665337
55.863035 37.661322
55.707028 37.752773
55.766844 37.652526
55.862251 37.60399
55.69641 37.807018
55.699049 37.800258
55.702446 37.788876
55.704825 37.77132
55.7062 37.760707
55.680656 37.664893
55.579202 37.469486
55.572511 37.474238
55.569283 37.477198
55.635753 37.702818
55.713635 37.678369
55.8076 37.637291
55.710925 37.53853
55.707669 37.545775
55.711141 37.539181
55.718788 37.535559
55.707268 37.545365
55.724129 37.534476
55.897593 37.509102
55.578401 37.141285
55.548379 37.486199
55.579279 37.149213
55.579329 37.15535
55.833506 37.386977
55.584646 37.18518
55.231673 37.024027
55.900355 37.514718
55.895373 37.503529
55.804254 37.517901
55.805346 37.513976
55.584006 37.179478
55.66284 37.627516
55.778993 37.5803
55.587076 37.203546
55.88307 37.442808
55.887395 37.673167
55.887395 37.673167
55.394226 37.232959
55.883106 37.726874
55.638336 37.619557
55.605263 37.35501
55.385756 37.223561
55.401221 37.449651
55.566865 37.407337
55.57923 37.447667
55.585687 37.436595
55.585687 37.436595
55.58816 37.430045
55.587421 37.431351
55.592803 37.421642
55.59271 37.421
55.59911 37.411746
55.721802 37.440584
55.610223 37.387231
55.604222 37.402091
55.658748 37.653644
55.595171 37.417088
55.595109 37.416756
55.739985 37.535317
55.743292 37.544434
55.793273 37.614209
55.704767 37.483568
55.700883 37.467596
55.689678 37.44054
55.689515 37.440823
55.625507 37.512773
55.673512 37.776509
55.759239 37.621675
55.701035 37.533541
55.702586 37.523902
55.641412 37.655299
55.759903 37.626122
55.580288 37.239911
55.649045 37.565453
55.647372 37.573881
55.648203 37.570284
55.643109 37.526335
55.810525 37.770815
55.819722 37.765276
55.648846 37.567595
55.763922 37.733496
55.764311 37.733611
55.628644 37.515852
55.601359 37.72288
55.67564 37.560222
55.827564 37.738075
55.697452 37.667066
55.696236 37.666213
55.693803 37.665922
55.700274 37.66745
55.708223 37.660445
55.713381 37.659078
55.695842 37.667276
55.893334 37.587127
55.662299 37.437126
55.61607 37.539651
55.617705 37.387361
55.691949 37.665762
55.690359 37.675831
55.6895 37.67377
55.689208 37.672316
55.732489 37.489934
55.702634 37.786099
55.704219 37.775677
55.695651 37.80888
55.714972 37.804867
55.731956 37.718009
55.607395 37.527488
55.630199 37.539501
55.809318 37.777704
55.642628 37.588866
55.864645 37.699307
55.744799 37.548653
55.642579 37.589979
55.868331 37.707111
55.644187 37.584585
55.730605 37.742565
55.714046 37.809824
55.718684 37.785241
55.771588 37.687554
55.769957 37.509492
55.721173 37.790731
55.878635 37.719982
55.68813 37.670425
55.728974 37.661621
55.662421 37.619842
55.798784 37.514381
55.706985 37.569745
55.878877 37.72177
55.874995 37.716867
55.771175 37.511668
55.874882 37.716115
55.708268 37.744733
55.707802 37.747092
55.869338 37.709634
55.868971 37.709499
55.866519 37.704561
55.86679 37.70453
55.794489 37.495349
55.817156 37.69121
55.86293 37.696092
55.859707 37.689488
55.846585 37.567736
55.633024 37.466434
55.573651 37.633319
55.794677 37.494909
55.606609 37.753444
55.606692 37.71157
55.631534 37.764057
55.608958 37.744451
55.610731 37.696622
55.748812 37.561232
55.343874 37.174324
55.755753 37.407607
55.66214 37.632963
55.663125 37.626808
55.663244 37.629234
55.663429 37.61562
55.663846 37.631996
55.664126 37.620745
55.663577 37.61959
55.663577 37.61959
55.680048 37.763717
55.806469 37.766393
55.805895 37.509562
55.744675 37.546778
55.742555 37.541393
55.730031 37.622247
55.709245 37.827561
55.730163 37.743679
55.70628 37.578119
55.553611 37.432128
55.706414 37.556564
55.703095 37.579389
55.85269 37.626153
55.897858 37.596975
55.696092 37.553214
55.752351 37.578816
55.791262 37.460006
55.752627 37.739493
55.869746 37.663249
55.703574 37.78037
55.604206 37.335077
55.671961 37.587818
55.574499 37.596803
55.764246 37.768778
55.872725 37.519969
55.697738 37.650255
55.82582 37.696013
55.650885 37.554899
55.889733 37.542607
55.694799 37.555386
55.866536 37.485224
55.864434 37.547441
55.709736 37.896741
55.749306 37.644463
55.675985 37.567923
55.70989 37.657729
55.484845 37.329258
55.483882 37.340955
55.708449 37.851741
55.945199 37.357862
55.662638 37.742523
55.760917 37.534907
55.766667 37.627663
55.669448 37.585176
55.484734 37.381644
55.646768 37.575924
55.74783 37.69527
55.488004 37.393793
55.484836 37.379988
55.688826 37.474067
55.483818 37.34616
55.700921 37.578035
55.484956 37.329735
55.684974 37.540412
55.858007 37.596179
55.6991 37.64421
55.789104 37.388886
55.852521 37.584501
55.87626 37.63697
55.612003 37.365696
55.721543 37.698898
55.854935 37.566525
55.714132 37.72805
55.702712 37.615043
55.824482 37.644722
55.824484 37.64475
55.744975 37.799536
55.554138 37.55178
55.705902 37.621029
55.704849 37.635906
55.82179 37.526655
55.884391 37.586412
55.77471 37.440157
55.743636 37.83768
55.744607 37.850282
55.876408 37.738185
55.826054 37.428112
55.84656 37.796193
55.619787 37.422685
55.77566 37.83656
55.7545 37.7318
55.641408 37.655641
55.639755 37.461758
55.639755 37.461758
55.900043 37.398697
55.86891 37.66432
55.770126 37.644857
55.734046 37.393535
55.73362 37.429299
55.640912 37.620724
55.675189 37.570453
55.862676 37.660749
55.726769 37.682913
55.726769 37.682913
55.546109 37.541916
55.789358 37.591105
55.750172 37.82698
55.66379 37.620464
55.792089 37.580339
55.868742 37.619619
55.750219 37.643481
55.595649 37.618409
55.739033 37.672311
55.84733 37.3824
55.613747 37.347764
55.885065 37.542725
55.725169 37.456538
55.897853 37.64156
55.631908 37.704544
55.89625 37.656823
55.639335 37.638565
55.753782 37.802862
55.803143 37.826078
55.800017 37.531719
55.974452 37.183296
55.67756 37.516043
55.719616 37.830602
55.552982 37.55159
55.643179 37.736684
55.608623 37.619192
55.886516 37.542582
55.794802 37.703084
55.619624 37.768659
55.697173 37.52955
55.746653 37.869817
55.801161 37.697835
55.801604 37.699343
55.856311 37.479637
55.70432 37.51711
55.746918 37.542194
55.753517 37.558013
55.675317 37.439736
55.676241 37.438011
55.63928 37.687906
55.635769 37.623013
55.764597 37.468589
55.69959 37.524938
55.763552 37.468065
55.771451 37.475612
55.770225 37.474557
55.775759 37.685544
55.782796 37.597748
55.885911 37.718205
55.799206 37.38199
55.573071 37.645818
55.601014 37.50373
55.73485 37.5098
55.808752 37.839548
55.692997 37.82968
55.846605 37.642319
55.639211 37.752956
55.688812 37.604628
55.749982 37.626605
55.76422 37.78192
55.8985 37.591519
55.822674 37.659599
55.748695 37.559758
55.720162 37.598196
55.604426 37.632263
55.829579 37.453107
55.517883 37.57652
55.642928 37.7216
55.654201 37.499031
55.637112 37.65565
55.736565 37.664214
55.624556 37.711167
55.645324 37.619408
55.86164 37.60302
55.550432 37.543246
55.80347 37.3928
55.604369 37.355989
55.605217 37.354877
55.885703 37.39387
55.887623 37.667523
55.748478 37.599507
55.575115 37.612258
55.92792 37.547464
55.665632 37.786974
55.604637 37.336799
55.706182 37.580492
55.612063 37.49341
55.830661 37.644538
55.773822 37.498329
55.74627 37.532613
55.592977 37.523833
55.711862 37.52704
55.703272 37.508136
55.614807 37.715785
55.596986 37.724982
55.600054 37.722992
55.599702 37.748262
55.599508 37.747749
55.728505 37.653587
55.887419 37.66794
55.68887 37.547151
55.66204 37.506657
55.98481 37.225018
55.778232 37.621576
55.741749 37.428908
55.603038 37.729814
55.802294 37.685135
55.777547 37.52722
55.624373 37.657246
55.890016 37.500181
55.550437 37.587058
55.652717 37.743086
55.68561 37.57874
55.869228 37.515492
55.82839 37.530606
55.792483 37.613242
55.843692 37.376333
55.776499 37.531888
55.73599 37.701163
55.819479 37.670345
55.767706 37.639258
55.780621 37.586001
55.80206 37.583026
55.890824 37.404275
55.811346 37.691587
55.79791 37.501099
55.869696 37.627007
55.685883 37.579806
55.871541 37.585863
55.827793 37.572661
55.898368 37.597484
55.702464 37.470876
55.851802 37.395895
55.768618 37.557227
55.821081 37.655252
55.875389 37.493704
55.858155 37.484902
55.814123 37.630395
55.767608 37.639522
55.747909 37.533489
55.851481 37.397118
55.781245 37.455462
55.601357 37.529094
55.79201 37.576889
55.749449 37.413784
55.653315 37.490133
55.731103 37.738561
55.72967 37.746928
55.551253 37.531628
55.578878 37.639117
55.78563 37.622242
55.793953 37.585967
55.706838 37.861818
55.723305 37.577097
55.578625 37.639529
55.790634 37.61651
55.686418 37.478586
55.664181 37.507647
55.72628 37.43222
55.654341 37.777973
55.82854 37.35373
55.689156 37.546786
55.69949 37.61441
55.73808 37.820345
55.879761 37.679026
55.76726 37.55908
55.73551 37.66072
55.80151 37.61594
55.72581 37.82815
55.845867 37.454194
55.77558 37.6996
55.71255 37.408899
55.80089 37.61566
55.543635 37.509203
55.547799 37.518709
55.821451 37.655181
55.872103 37.460699